10. 1 0.0004
10. 50 0.0016
10. 100 0.0036
10. 300 0.0382076
10. 500 0.079
10. 600 0.0954573
10. 700 0.117871
10. 800 0.121273
10. 900 0.131253
10. 1000 0.137966
10. 1100 0.151612
100. 1 0.0012
100. 50 0.0008
100. 100 0.0062
100. 300 0.034807
100. 400 0.0546
100. 500 0.0736
100. 600 0.0920184
100. 700 0.105284
100. 800 0.122347
100. 900 0.132853
100. 1000 0.14987
200. 1 0.0006
200. 50 0.0014
200. 100 0.001
200. 200 0.014
200. 300 0.0366
200. 400 0.0534107
200. 500 0.082
200. 600 0.0882706
200. 700 0.116223
200. 800 0.123699
200. 900 0.142743
200. 1100 0.147948
200. 0.0006 0.08
300. 1 0.0022
300. 50 0.0012
300. 100 0.0024
300. 150 0.0042
300. 200 0.012
300. 300 0.0326
300. 400 0.0504
300. 500 0.0734
300. 700 0.110622
300. 800 0.118647
300. 900 0.133787
300. 1000 0.13731
300. 1100 0.146376
400. 50 0.0028
400. 150 0.0038
400. 200 0.0038
400. 250 0.0142
400. 300 0.0286
400. 400 0.0496
400. 500 0.0636
400. 700 0.105
400. 800 0.122049
400. 900 0.130783
400. 1000 0.154724
400. 1100 0.154724
500. 1 0.003
500. 10 0.004
500. 50 0.0028
500. 100 0.0026
500. 150 0.0032
500. 200 0.0076
500. 250 0.0094
500. 300 0.0216
500. 350 0.032
500. 400 0.0418
500. 450 0.0554111
500. 500 0.067
500. 550 0.0752301
500. 600 0.0964193
500. 650 0.0924185
500. 700 0.0968387
500. 750 0.1104
500. 800 0.122098
500. 850 0.1104
500. 900 0.126625
500. 950 0.134588
500. 1050 0.146605
500. 1100 0.152614
600. 1 0.003
600. 100 0.0042
600. 200 0.0062
600. 250 0.009
600. 300 0.0092
600. 350 0.0262052
600. 400 0.039
600. 500 0.0626
600. 600 0.0878176
600. 800 0.112513
600. 900 0.129704
600. 1000 0.138311
700. 1 0.0066
700. 100 0.0054
700. 200 0.0052
700. 250 0.0096
700. 300 0.0158
700. 350 0.0152
700. 400 0.0328
700. 500 0.057
700. 600 0.0794
700. 700 0.10006
700. 800 0.109022
700. 900 0.136282
700. 1000 0.138221
700. 1100 0.149038
800. 1 0.0086
800. 100 0.0076
800. 200 0.0068
800. 300 0.013
800. 350 0.0192
800. 400 0.0216
800. 450 0.0358
800. 500 0.049
800. 600 0.0692
800. 700 0.0966387
800. 900 0.124825
800. 1000 0.13268
800. 1100 0.15069
900. 1 0.0092
900. 100 0.01
900. 200 0.0124
900. 300 0.0138
900. 400 0.0172
900. 450 0.0236
900. 600 0.0696139
900. 700 0.095
900. 800 0.1056
900. 900 0.126651
900. 1000 0.129504
1000. 1 0.0156
1000. 100 0.012
1000. 200 0.0136
1000. 300 0.0140028
1000. 400 0.0182
1000. 450 0.0224
1000. 500 0.0462
1000. 600 0.0630126
1000. 700 0.0866
1000. 800 0.10042
1000. 900 0.114823
1000. 1000 0.134107
1100. 1 0.018
1100. 100 0.0154
1100. 200 0.0152
1100. 300 0.0148
1100. 500 0.0506
1100. 700 0.0768154
1100. 800 0.0964193
1100. 1000 0.127102
1100. 1100 0.139195
1200. 100 0.0194
1200. 200 0.0204
1200. 300 0.0182
1200. 400 0.0126
1300. 1 0.0274055
1300. 100 0.0238
1300. 200 0.0248
1300. 300 0.021
1300. 400 0.0212
1300. 500 0.024
1300. 600 0.0360072
1300. 700 0.0630126
1300. 800 0.0934187
1300. 900 0.110088
1300. 1000 0.114291
1300. 1100 0.129555
1400. 1 0.0336
1400. 100 0.0334
1400. 200 0.032
1400. 400 0.0246
1400. 500 0.0234
1400. 600 0.029
1400. 700 0.0494198
1400. 800 0.0774236
1500. 1 0.0408
1500. 100 0.0426
1500. 200 0.0328
1500. 300 0.0356071
1500. 400 0.0298
1500. 500 0.0262
1500. 600 0.0296
1500. 700 0.04
1500. 800 0.0688
1500. 900 0.0958383
1500. 1000 0.11647
1600. 100 0.0458
1600. 200 0.0446
1600. 300 0.0412082
1600. 400 0.0324
1600. 500 0.0318
1600. 600 0.0318
1600. 700 0.0354
1600. 800 0.0514
1700. 1 0.055
1700. 100 0.0532106
1700. 200 0.052
1700. 300 0.047
1700. 400 0.0394
1700. 500 0.0314
1700. 600 0.0318
1700. 800 0.0470188
1700. 900 0.0798479
1700. 1000 0.1066
1700. 1100 0.117918
1800. 1 0.0626
1800. 100 0.0576
1800. 200 0.0688
1800. 500 0.0402
1800. 600 0.0346
1800. 700 0.0356
1800. 800 0.045209
1800. 900 0.0588
1800. 1100 0.111667
1900. 1 0.0716
1900. 100 0.0686137
1900. 200 0.0644
1900. 300 0.059
1900. 400 0.058
1900. 500 0.0482
1900. 600 0.0426
1900. 700 0.0386
1900. 800 0.0404081
1900. 900 0.0496298
1900. 1000 0.0796159
1900. 1100 0.106242
2000. 1 0.072
2000. 100 0.0722
2000. 200 0.0712
2000. 300 0.0766
2000. 400 0.0616
2000. 500 0.0612
2000. 600 0.0464
2000. 700 0.0438088
2000. 800 0.039
2000. 900 0.0432
2000. 1100 0.105221
