10. 1 0.0722
10. 50 0.1096
10. 100 0.1596
10. 300 0.281256
10. 500 0.277
10. 600 0.26596
10. 700 0.260756
10. 800 0.257555
10. 900 0.234294
10. 1000 0.237085
10. 1100 0.22892
100. 1 0.068
100. 50 0.0706
100. 100 0.1514
100. 300 0.275455
100. 400 0.2872
100. 500 0.2818
100. 600 0.275855
100. 700 0.263811
100. 800 0.249499
100. 900 0.246098
100. 1000 0.239631
200. 1 0.08
200. 50 0.105
200. 100 0.1076
200. 200 0.2362
200. 300 0.2826
200. 400 0.277455
200. 500 0.2666
200. 600 0.271617
200. 700 0.255851
200. 800 0.253203
200. 900 0.241041
200. 1100 0.236436
200. 0.0006 0
300. 1 0.0778
300. 50 0.091
300. 100 0.1278
300. 150 0.1476
300. 200 0.227
300. 300 0.2754
300. 400 0.276
300. 500 0.2758
300. 700 0.261452
300. 800 0.262905
300. 900 0.235329
300. 1000 0.238991
300. 1100 0.24129
400. 1 0.1064
400. 50 0.1042
400. 150 0.1588
400. 200 0.1792
400. 250 0.2418
400. 300 0.26
400. 400 0.2756
400. 500 0.2854
400. 700 0.2676
400. 800 0.252901
400. 900 0.250751
400. 1000 0.222778
400. 1100 0.222778
500. 1 0.1482
500. 10 0.1576
500. 50 0.1442
500. 100 0.1362
500. 150 0.143
500. 200 0.1712
500. 250 0.2036
500. 300 0.2516
500. 350 0.2804
500. 400 0.2792
500. 450 0.282456
500. 500 0.2834
500. 550 0.276711
500. 600 0.270854
500. 650 0.266453
500. 700 0.27551
500. 750 0.269
500. 800 0.245797
500. 850 0.269
500. 900 0.243249
500. 950 0.241738
500. 1050 0.239936
500. 1100 0.231524
600. 1 0.188
600. 100 0.177
600. 200 0.1686
600. 250 0.2024
600. 300 0.2178
600. 350 0.263053
600. 400 0.2762
600. 500 0.2774
600. 600 0.273455
600. 800 0.258258
600. 900 0.243195
600. 1000 0.235188
700. 1 0.2088
700. 100 0.2098
700. 200 0.1852
700. 250 0.182
700. 300 0.2106
700. 350 0.2282
700. 400 0.2568
700. 500 0.2796
700. 600 0.2692
700. 700 0.254353
700. 800 0.262853
700. 900 0.236542
700. 1000 0.237179
700. 1100 0.228365
800. 1 0.2308
800. 100 0.2334
800. 200 0.207
800. 300 0.1884
800. 350 0.2276
800. 400 0.2384
800. 450 0.2856
800. 500 0.2742
800. 600 0.2756
800. 700 0.271108
800. 900 0.247049
800. 1000 0.251951
800. 1100 0.23414
900. 1 0.2548
900. 100 0.2542
900. 200 0.2374
900. 300 0.2104
900. 400 0.2338
900. 450 0.254
900. 600 0.277255
900. 700 0.28
900. 800 0.2714
900. 900 0.252301
900. 1000 0.241994
1000. 1 0.2568
1000. 100 0.2536
1000. 200 0.26
1000. 300 0.231046
1000. 400 0.219
1000. 450 0.2248
1000. 500 0.269
1000. 600 0.277656
1000. 700 0.2742
1000. 800 0.263453
1000. 900 0.24845
1000. 1000 0.23719
1100. 1 0.2802
1100. 100 0.2596
1100. 200 0.258
1100. 300 0.2562
1100. 500 0.2716
1100. 700 0.272855
1100. 800 0.275855
1100. 1000 0.243995
1100. 1100 0.232926
1200. 100 0.2772
1200. 200 0.2714
1200. 300 0.2694
1200. 400 0.2554
1300. 1 0.279656
1300. 100 0.2808
1300. 200 0.2816
1300. 300 0.2874
1300. 400 0.2646
1300. 500 0.2406
1300. 600 0.25105
1300. 700 0.277856
1300. 800 0.266253
1300. 900 0.261009
1300. 1000 0.259207
1300. 1100 0.237285
1400. 1 0.2894
1400. 100 0.2852
1400. 200 0.283
1400. 400 0.269
1400. 500 0.2668
1400. 600 0.2544
1400. 700 0.269708
1400. 800 0.265452
1500. 1 0.2762
1500. 100 0.2844
1500. 200 0.2934
1500. 300 0.287057
1500. 400 0.2822
1500. 500 0.2792
1500. 600 0.2606
1500. 700 0.2598
1500. 800 0.2664
1500. 900 0.268707
1500. 1000 0.257555
1600. 100 0.2802
1600. 200 0.2828
1600. 300 0.279456
1600. 400 0.2786
1600. 500 0.2848
1600. 600 0.2664
1600. 700 0.24
1600. 800 0.2684
1700. 1 0.2806
1700. 100 0.290858
1700. 200 0.2822
1700. 300 0.2852
1700. 400 0.2998
1700. 500 0.2896
1700. 600 0.2938
1700. 800 0.253101
1700. 900 0.262758
1700. 1000 0.2684
1800. 1 0.2836
1800. 100 0.2808
1800. 200 0.2852
1800. 500 0.2918
1800. 600 0.2864
1800. 700 0.2692
1800. 800 0.25005
1800. 900 0.2744
1800. 1100 0.255153
1900. 1 0.2834
1900. 100 0.269854
1900. 200 0.2794
1900. 300 0.2938
1900. 400 0.2848
1900. 500 0.2916
1900. 600 0.2884
1900. 700 0.278
1900. 800 0.274855
1900. 900 0.273564
1900. 1000 0.270054
1900. 1100 0.254502
2000. 1 0.2832
2000. 100 0.2802
2000. 200 0.286
2000. 300 0.2802
2000. 400 0.2814
2000. 500 0.2786
2000. 600 0.3064
2000. 700 0.290058
2000. 800 0.2838
2000. 900 0.2594
2000. 1100 0.263053
