10. 1. 1.
20. 1. 1.
50. 1. 1.
100. 1. 1.
200. 1. 1.
300. 1. 1.
500. 1. 1.
600. 1. 1.
800. 1. 1.
1000. 1. 1.
1200. 1. 1.
1400. 1. 1.
1600. 1. 1.
2000. 1. 1.
10000. 1. 1.
10. 10. 1.
15. 10. 1.
500. 10. 1.
600. 10. 1.
800. 10. 1.
10. 50. 1.
50. 50. 1.
95. 50. 1.
500. 50. 1.
600. 50. 1.
800. 50. 1.
10. 150. 1.
200. 150. 1.
295. 150. 1.
300. 150. 1.
500. 150. 1.
600. 150. 1.
800. 150. 1.
10. 500. 1.
300. 500. 1.
500. 500. 1.
600. 500. 1.
800. 500. 1.
995. 500. 1.
10. 1000. 1.
500. 1000. 1.
600. 1000. 1.
800. 1000. 1.
1000. 1000. 1.
1200. 1000. 1.
1400. 1000. 1.
1600. 1000. 1.
1995. 1000. 1.
